- '0':
    f1-score: 0.7692307692307692
    precision: 0.8333333333333334
    recall: 0.7142857142857143
    support: 7
  '1':
    f1-score: 0.888888888888889
    precision: 0.8571428571428571
    recall: 0.9230769230769231
    support: 13
  accuracy: 0.85
  macro avg:
    f1-score: 0.829059829059829
    precision: 0.8452380952380952
    recall: 0.8186813186813187
    support: 20
  weighted avg:
    f1-score: 0.847008547008547
    precision: 0.8488095238095237
    recall: 0.85
    support: 20
- AUC: '0.8186813186813187'
  Log Loss: '0.37227068021666326'
